prog	i	hours	female	effort	loss	satiscont	satisfied
jogging	1	1.8367035422	male	37.712184327	18.022263467	3.8426089706	0
jogging	2	2.3893601883	male	26.72401476	10.186416104	4.8501396828	0
jogging	3	2.3621167907	male	36.316572831	19.747275527	5.8883548835	0
jogging	4	2.5208657203	male	20.700475697	1.8836001427	6.3851246184	0
jogging	5	1.8898276659	male	24.727117476	14.242588642	4.2493270685	0
jogging	6	2.3671618909	male	33.669483207	19.69473057	4.2268549664	0
jogging	7	1.9491079639	male	31.39032768	11.724670198	3.8107344248	0
jogging	8	2.2066827345	male	39.711846475	22.024733503	5.8123992813	0
jogging	9	2.5124844943	male	27.625464192	8.1801414632	2.7861760423	0
jogging	10	2.1705121673	male	19.15406788	5.0286159806	7.5705844539	1
jogging	11	2.0159289881	male	38.370724326	17.804104345	1.2091163515	0
jogging	12	2.2126208824	male	33.655617969	16.26044312	3.9779396439	0
jogging	13	1.8545211803	male	24.136235008	6.9780696713	6.676993205	0
jogging	14	2.2449694419	male	30.461965846	11.980878671	-2.501328185	0
jogging	15	1.6654641519	male	26.165766875	13.672665387	8.4108828026	1
jogging	16	2.5566114383	male	34.744647485	15.526795606	5.8322824292	0
jogging	17	2.1008712358	male	36.3883663	13.485626957	7.3342573084	1
jogging	18	1.3360339035	male	25.228027296	4.4749203113	5.3129038822	0
jogging	19	1.4324265573	male	23.253680364	9.4722980501	7.984687487	1
jogging	20	2.238887607	male	29.955713354	7.4486063883	3.9779924421	0
jogging	21	2.4930541605	male	34.391765534	11.21288973	11.053312921	1
jogging	22	1.8636572138	male	25.387760097	8.3825135172	-0.692735135	0
jogging	23	2.4288787985	male	34.616340818	13.287148852	10.516452751	1
jogging	24	1.5207043349	male	29.882610359	12.050653698	1.9943115686	0
jogging	25	1.4348533097	male	30.235797483	7.1700918958	3.2010451184	0
jogging	26	2.2252573421	male	31.984905016	14.799799094	8.8608117632	1
jogging	27	1.3630754555	male	30.318114916	6.6008203906	5.2863645169	0
jogging	28	1.834287042	male	31.309381515	11.365947856	6.7443523557	0
jogging	29	1.8778002218	male	33.523939976	7.4888493258	3.2007412999	0
jogging	30	2.7087129679	male	32.124800371	10.071285061	11.007210404	1
jogging	31	2.2298150558	male	35.130014488	21.919548615	4.9889808364	0
jogging	32	2.0394792892	male	27.011877165	10.978325638	7.8787747661	1
jogging	33	1.9597148531	male	32.026715887	8.4336336144	5.6169013188	0
jogging	34	1.8358918148	male	29.658504328	9.174358868	7.2585612193	1
jogging	35	1.7662578209	male	26.409257742	15.844476839	3.7611545478	0
jogging	36	1.0007849443	male	29.507464059	11.949640007	3.9938990774	0
jogging	37	1.86565959	male	24.764970261	13.009675281	1.3263671335	0
jogging	38	1.7367587183	male	34.983401168	16.606827909	9.330303082	1
jogging	39	2.4773962864	male	35.343574465	13.113692311	5.4346081553	0
jogging	40	1.9076836819	male	27.686837956	5.9977221701	4.0608772078	0
jogging	41	2.5666112112	male	29.328313338	12.660036444	6.1394069447	0
jogging	42	2.558896756	male	29.119496143	10.048219267	9.4272131518	1
jogging	43	2.2996875504	male	25.356550279	6.7613421256	6.9095857952	0
jogging	44	2.0207665223	male	32.272306499	14.825096604	5.9794641417	0
jogging	45	2.1949213741	male	32.063659156	18.090865596	4.0953284605	0
jogging	46	1.8569320024	male	27.64677892	5.0680466227	6.7248424763	0
jogging	47	1.9056748052	male	24.358000132	6.8358532416	4.9496142931	0
jogging	48	0.8646757411	male	29.883510491	2.9311628936	0.2964994486	0
jogging	49	2.7016693831	male	29.733068536	19.731903373	5.5452421868	0
jogging	50	1.9563910344	male	19.792183396	0.1926283229	5.3635449223	0
jogging	51	1.4577337761	male	37.159317992	15.714591238	2.8247520009	0
jogging	52	1.9867595021	male	22.081914395	5.554805424	5.9851160813	0
jogging	53	1.1175382414	male	29.861244356	-1.246788854	9.5344953643	1
jogging	54	1.7680660163	male	29.875085891	8.5625675197	6.9802642628	0
jogging	55	2.0532124837	male	33.261784934	11.627682744	4.9221108738	0
jogging	56	1.6818519106	male	19.221688557	2.1543879788	0.9925091751	0
jogging	57	1.9572427809	male	28.468556643	15.493464973	4.8288652415	0
jogging	58	1.5011480862	male	36.888342945	17.551365158	2.048810014	0
jogging	59	1.5173992568	male	28.184775431	9.9431015052	1.8144304769	0
jogging	60	1.3998580843	male	27.359391354	8.5942810304	3.1402334386	0
jogging	61	1.6649984435	male	39.116722739	17.082289974	10.116960382	1
jogging	62	2.5843040194	male	27.47183801	11.453814001	9.2908105506	1
jogging	63	2.1452941118	male	41.583647492	21.560101463	6.6996684856	0
jogging	64	2.6283512816	male	40.843110935	22.570863402	2.406843014	0
jogging	65	2.5969794575	male	25.050058369	10.231730516	7.7614582798	1
jogging	66	2.0792134086	male	19.695288434	0.5889660955	3.1838318801	0
jogging	67	2.1564879396	male	26.338758255	11.049802519	-1.628459407	0
jogging	68	2.8408558891	male	31.865547686	15.794557802	13.295680523	1
jogging	69	1.8625016265	male	27.712647237	4.1421060765	4.276938766	0
jogging	70	2.2405979695	male	33.789265514	25.604921056	8.7226616	1
jogging	71	2.1287681271	male	31.981362254	16.995766715	5.4095953064	0
jogging	72	1.7099057868	male	28.244122761	12.076732292	3.5844638129	0
jogging	73	2.7519504562	male	19.404143008	0.8934348799	9.1048057518	1
jogging	74	2.9427775305	male	31.484387227	12.141683509	10.448884825	1
jogging	75	1.7283360021	male	32.791760914	9.862050015	8.4598732195	1
jogging	76	2.5080435406	male	24.835190258	2.9817856039	7.6252169403	1
jogging	77	1.527968327	male	32.606434154	14.36620345	3.4083758956	0
jogging	78	2.4208927278	male	42.501588792	18.962605358	6.8890643585	0
jogging	79	2.5521544513	male	25.857816305	3.3096883833	3.7204470059	0
jogging	80	2.1074263903	male	27.121997976	5.177439695	9.2232080529	1
jogging	81	1.5347717892	male	28.618037678	8.3858677932	5.5451390204	0
jogging	82	3.008793819	male	31.156202011	10.659094103	8.9271865684	1
jogging	83	1.6523889979	male	24.342793874	-3.74332552	1.9085311933	0
jogging	84	1.6914418669	male	37.1375777	10.235576744	1.8367019497	0
jogging	85	1.3367356637	male	28.390708408	6.3155515198	7.982672312	1
jogging	86	1.5231572481	male	22.874661745	5.3287605636	-0.571828064	0
jogging	87	3.2067425193	male	34.81758382	20.056425969	5.5529996486	0
jogging	88	1.6961763197	male	16.782250482	-0.108963695	3.7814521463	0
jogging	89	1.1296186954	male	35.126200609	8.297955127	3.7626162553	0
jogging	90	2.4983991223	male	32.636931263	15.798360764	5.6854260129	0
jogging	91	1.3326207	male	36.037759038	18.592354879	3.7877244179	0
jogging	92	1.5234827439	male	26.572358089	8.7749508822	6.9003193494	0
jogging	93	2.3372984724	male	32.106149974	14.018512318	4.7906865593	0
jogging	94	1.4802638864	male	24.562934703	11.508182581	4.4190588581	0
jogging	95	1.8851675161	male	32.364589536	16.361095314	3.3543921837	0
jogging	96	1.9900271518	male	26.742810709	9.6698405427	2.5934414741	0
jogging	97	2.6314210624	male	32.529928178	14.515595462	9.5257444947	1
jogging	98	2.4990879322	male	34.39723084	20.691004498	3.1356774461	0
jogging	99	2.1204181145	male	31.003769162	7.2890086328	5.2429635461	0
jogging	100	2.3324790293	male	30.859678854	13.41703999	12.367155702	1
jogging	101	1.9889973004	male	24.970516867	14.217991156	2.2037804003	0
jogging	102	3.2278365876	male	32.212286427	15.811450211	5.6825463162	0
jogging	103	1.8775623884	male	34.379527052	16.54560732	2.5881267222	0
jogging	104	1.5115454519	male	34.397300049	11.878230102	6.6426977116	0
jogging	105	1.7919843091	male	26.811882309	12.165742195	7.0617968749	1
jogging	106	1.734408076	male	29.300784392	10.962237036	0.4537387771	0
jogging	107	1.5292832293	male	28.688950021	12.60598158	5.2044934328	0
jogging	108	2.0057544815	male	31.769232024	15.33496155	7.9753476938	1
jogging	109	1.8315655672	male	36.327795239	20.501216951	3.5869559011	0
jogging	110	1.4204167787	male	29.720483198	2.3187106747	-1.722362828	0
jogging	111	1.9551409456	male	37.274409265	20.792094444	5.1779729977	0
jogging	112	1.2441435572	male	28.776861793	12.335136183	6.583038052	0
jogging	113	2.0186219219	male	31.740109283	16.493216787	10.37257141	1
jogging	114	3.0742238134	male	30.854203075	16.000727613	10.257606248	1
jogging	115	2.6238717236	male	32.464068118	19.420001929	6.0760185317	0
jogging	116	1.3402698707	male	27.195673067	5.592401191	3.9715274672	0
jogging	117	2.9592834769	male	30.814944615	12.099782726	9.7577559887	1
jogging	118	2.7193055652	male	28.076383452	7.5897248002	6.9676974231	0
jogging	119	2.4014747231	male	26.676377473	10.17473058	10.471241005	1
jogging	120	2.394859708	male	32.078757835	11.322367636	9.310794539	1
jogging	121	1.9226536073	male	35.486859763	18.412365434	4.9320107924	0
jogging	122	2.7612083019	male	25.427133844	9.7711001113	10.406713957	1
jogging	123	2.0689697169	male	33.266236025	19.777268658	7.2147194022	1
jogging	124	1.2366093786	male	33.711445405	11.019375095	4.6001260877	0
jogging	125	2.1962700434	male	32.027556676	13.153201165	5.0054354222	0
jogging	126	2.0562520557	male	30.502337788	4.0024296753	8.9803064351	1
jogging	127	1.9558855879	male	24.722348086	9.8891811485	3.7607245781	0
jogging	128	1.7674257669	male	24.834474657	7.7048892953	5.9902020772	0
jogging	129	2.0996756069	male	28.529092901	8.3079731047	7.1009713721	1
jogging	130	2.3660356334	male	33.55661531	17.668969589	5.4451318808	0
jogging	131	2.3379879444	male	39.204675071	26.667164963	6.5775407612	0
jogging	132	2.8352983455	male	33.050217493	23.459310252	12.801669074	1
jogging	133	1.8232615709	male	40.446941025	12.261361165	3.3129696638	0
jogging	134	2.0223110314	male	37.538082395	17.244460969	6.5230110547	0
jogging	135	1.4563786694	male	17.51012882	1.222189202	7.7463943774	1
jogging	136	1.5568599322	male	21.25832955	8.70997747	4.7767460199	0
jogging	137	1.936462544	male	29.830059735	14.875616228	4.5582413148	0
jogging	138	1.7446854082	male	33.652651549	7.9187228286	7.74162404	1
jogging	139	2.0598150418	male	36.215328798	16.25545485	2.3622476138	0
jogging	140	1.2697693247	male	30.072029911	8.4814428645	9.267752256	1
jogging	141	2.0328990311	male	32.758548429	15.568431104	3.6303153897	0
jogging	142	1.5341962345	male	27.517588576	2.6607127402	7.7717116982	1
jogging	143	1.3150546293	male	24.050227293	9.7709152495	2.096333886	0
jogging	144	2.3791610508	male	32.745248875	13.220217774	8.2025060784	1
jogging	145	1.5031607052	male	31.438998226	11.930274622	8.5787879541	1
jogging	146	2.2252322093	male	28.009849224	15.841487637	8.7900365033	1
jogging	147	1.6737184173	male	23.590148607	3.3237925036	6.4195566597	0
jogging	148	1.9186190282	male	32.683467274	11.789080377	6.7509558946	0
jogging	149	1.6049544724	male	25.11583713	8.6203101046	1.9304778117	0
jogging	150	2.808948055	male	44.012005207	30.812781973	4.6083493516	0
jogging	151	2.4511130851	female	27.099187038	4.2652719381	9.6554105417	1
jogging	152	2.3092627843	female	24.026153718	7.5593042173	5.437444805	0
jogging	153	2.6524820355	female	29.24401986	11.072566962	9.1376705375	1
jogging	154	1.661609899	female	31.636087323	6.8548355117	-0.203742566	0
jogging	155	1.8643678222	female	31.776640267	0.9429818702	7.2596082554	1
jogging	156	1.4295221774	female	22.658479962	-4.884493917	6.4490729976	0
jogging	157	1.6391860793	female	24.133708751	-1.386409156	11.892815283	1
jogging	158	2.6485000539	female	32.561884186	12.239648092	7.6638458605	1
jogging	159	1.3718385467	female	41.774426874	6.6675517495	0.7274754634	0
jogging	160	2.2971898732	female	19.213647398	-2.670946752	4.7721883414	0
jogging	161	1.8816008971	female	42.030121439	7.5712697896	7.0512437205	1
jogging	162	1.7849240998	female	25.148692114	-7.840372001	0.7523935284	0
jogging	163	2.2261170281	female	27.702621336	5.6355891908	5.6083588739	0
jogging	164	2.0635301102	female	29.555483519	7.2952508828	8.5794804337	1
jogging	165	1.9295753027	female	22.909187288	-1.278990152	4.6879729679	0
jogging	166	2.3735115034	female	31.17600742	13.972572379	5.036067952	0
jogging	167	2.2419577364	female	24.163378245	2.4379594362	5.3452424355	0
jogging	168	1.9707423857	female	22.776819408	3.181888442	11.29174039	1
jogging	169	1.2612857439	female	30.441000884	5.802773329	0.4629302482	0
jogging	170	2.6251078878	female	22.990877817	5.054321226	7.6004682684	1
jogging	171	1.9191796493	female	27.729691211	1.1425040423	4.7787326183	0
jogging	172	2.4325446826	female	22.556660965	-1.012727271	10.079668877	1
jogging	173	0.8969313535	female	29.548524406	-1.300106891	0.9303225683	0
jogging	174	1.7025632012	female	28.528081764	-1.184700004	7.1789276219	1
jogging	175	1.514351913	female	34.101706829	0.8393444414	4.2061410402	0
jogging	176	1.5032720034	female	26.769654696	-1.348299611	-0.333249896	0
jogging	177	1.2238386208	female	32.712102017	-4.046370598	6.7235037961	0
jogging	178	2.108369825	female	34.191107897	17.075171475	5.8784502578	0
jogging	179	2.8665327483	female	34.761558934	14.178566307	8.2597515801	1
jogging	180	2.2170306782	female	28.06947272	8.6947310429	9.2933771365	1
jogging	181	1.9275676261	female	33.675430631	5.602395154	10.336165649	1
jogging	182	2.0568384831	female	32.039911156	7.276574529	3.7707753148	0
jogging	183	2.4110182798	female	36.664163533	13.282836148	8.3077950795	1
jogging	184	1.7936911825	female	27.782697509	2.9010783042	9.8674655882	1
jogging	185	2.2175646445	female	32.323439551	5.1216040981	7.2232364517	1
jogging	186	2.5094605858	female	34.57374678	11.434046115	3.8958572718	0
jogging	187	1.0513130603	female	37.163811247	-1.338385938	8.6105532758	1
jogging	188	2.1750212842	female	28.719667306	7.6927280829	7.4238821195	1
jogging	189	2.2089628003	female	22.847002372	4.7152878336	5.9881946205	0
jogging	190	1.1495109076	female	34.826525763	-5.289447864	-1.627631164	0
jogging	191	2.2119093363	female	27.674140006	1.0889219088	11.651029848	1
jogging	192	1.568050277	female	36.637183025	4.5694081067	3.1762654625	0
jogging	193	2.2731682434	female	31.082780174	6.5698956079	1.1474943531	0
jogging	194	2.0457291326	female	29.3584173	0.5988030864	4.8127906557	0
jogging	195	2.6910393838	female	28.486401669	9.9610468384	9.5701327245	1
jogging	196	1.7853717534	female	25.966538924	8.8299359293	3.1106498487	0
jogging	197	1.2666774212	female	36.783883396	-1.817629888	4.1126166435	0
jogging	198	1.8494338182	female	29.629328738	0.4675204356	2.6782072374	0
jogging	199	1.9926810607	female	28.166880135	5.7787648297	8.7734147931	1
jogging	200	2.0100733802	female	28.294753845	2.1282558155	5.0871556696	0
jogging	201	1.7088850062	female	28.63518486	2.1725465422	6.5695493669	0
jogging	202	1.198850966	female	33.436910334	5.3417691719	-1.242409927	0
jogging	203	2.1814368931	female	23.391178021	5.3316167977	7.9587781673	1
jogging	204	1.766976923	female	28.382419785	1.6336643936	2.7018356914	0
jogging	205	1.1143079648	female	27.362170005	-11.06019306	-3.551854313	0
jogging	206	2.2795944577	female	33.962028724	11.057370871	4.5011231012	0
jogging	207	2.2986091422	female	31.348961976	3.2685620879	4.9194120275	0
jogging	208	1.8917462584	female	23.542679683	-7.958889202	1.2527902947	0
jogging	209	2.4664101243	female	26.229475109	5.7362331205	5.0164129337	0
jogging	210	1.5247259802	female	30.473364751	-9.8147919	1.1261837394	0
jogging	211	2.3446475359	female	29.108044523	3.2664380786	9.5194478462	1
jogging	212	1.039580789	female	29.87357789	-6.190263385	9.4833200973	1
jogging	213	1.6380044025	female	29.227049126	6.6447691492	-0.779742483	0
jogging	214	2.2379479662	female	35.570839427	12.083896453	7.1025576033	1
jogging	215	1.379310421	female	32.839442624	-2.165881295	9.3392806552	1
jogging	216	2.1562437324	female	20.413910349	1.3971275501	3.9521078069	0
jogging	217	0.99618864	female	35.683353558	-1.867672492	2.3094924231	0
jogging	218	2.0874770437	female	24.367225516	0.5835184357	8.3760215592	1
jogging	219	2.1484996252	female	29.314386975	2.342692639	7.9138604699	1
jogging	220	2.5260689215	female	33.121424216	17.325899925	8.6222207257	1
jogging	221	2.7210772295	female	29.92465021	7.305182996	2.1910958747	0
jogging	222	2.7460288432	female	32.883594181	16.737702609	8.7759610818	1
jogging	223	2.5389340227	female	34.014336248	15.605242029	9.8613783813	1
jogging	224	1.8947001841	female	28.656696297	4.3327325897	9.8565707023	1
jogging	225	2.1297569508	female	36.320782877	3.5209766796	4.4711343491	0
jogging	226	2.3242402038	female	26.52593714	12.298241012	7.2481328888	1
jogging	227	1.6099363218	female	34.849337162	5.8798589905	3.9121737431	0
jogging	228	1.9012504427	female	26.445948111	1.6664420255	2.1664018502	0
jogging	229	1.9914271568	female	35.079595428	9.6644656285	6.8819082058	0
jogging	230	2.8113533781	female	28.927503556	17.97193542	11.985711339	1
jogging	231	2.1855291715	female	36.23061676	6.4751790309	5.4882390091	0
jogging	232	1.9653397115	female	18.738517619	-7.176443192	3.2489386595	0
jogging	233	1.9534919368	female	32.36428122	11.972729823	10.611151018	1
jogging	234	1.7705925725	female	30.031593798	0.8065420618	1.7729099354	0
jogging	235	2.5447010636	female	23.797176452	12.452862788	4.4239254871	0
jogging	236	1.651833701	female	31.411131703	5.6540620713	3.8434380243	0
jogging	237	1.7889344518	female	26.728661036	2.4044972875	5.6592489452	0
jogging	238	2.3567512428	female	26.534134587	12.423355763	3.5205122922	0
jogging	239	2.7788929306	female	20.167262926	0.9971381732	7.5572123284	1
jogging	240	1.5653082992	female	28.629073917	-5.186867731	4.7426577097	0
jogging	241	1.6785577471	female	23.352650957	-3.340374261	7.8929859706	1
jogging	242	1.6448627946	female	31.597838071	2.9337000233	10.458357379	1
jogging	243	2.1736816271	female	32.914359782	7.7649519762	6.2947645649	0
jogging	244	1.2926300554	female	30.609722496	-4.040597677	2.6701127897	0
jogging	245	1.3273288719	female	28.445241768	-5.573334519	3.2500953559	0
jogging	246	1.9363384215	female	26.703020507	1.8767909969	6.1225218412	0
jogging	247	2.1574544294	female	33.14165941	4.9246811277	8.697487443	1
jogging	248	1.5711725542	female	37.505559656	4.9139010039	4.4252895018	0
jogging	249	1.9559698718	female	20.338806439	-2.36344045	7.1564509186	1
jogging	250	2.1254838539	female	31.723003104	5.3083338959	5.0739064711	0
jogging	251	1.8396912875	female	36.648020633	4.4531235913	3.3511272298	0
jogging	252	1.1356745199	female	27.623325156	-13.13797745	6.0766893783	0
jogging	253	2.0288845381	female	33.593304468	13.98144144	5.3718010239	0
jogging	254	2.3869261782	female	31.026218224	8.8607727121	6.5219112326	0
jogging	255	1.5134567194	female	35.827334385	6.4732697557	6.7688355412	0
jogging	256	2.0000539946	female	30.108579331	-0.217715881	5.6326057473	0
jogging	257	2.7999996769	female	34.550816511	23.141502112	4.2718547273	0
jogging	258	1.1807445967	female	33.783878136	-5.676177296	2.3214808467	0
jogging	259	1.5917634354	female	35.604241256	8.6970347878	2.461799525	0
jogging	260	2.370960937	female	33.889610146	12.537309365	5.5959846047	0
jogging	261	2.3937263765	female	33.360352909	10.041117818	7.7610119368	1
jogging	262	2.3464718295	female	29.872821831	4.6363827315	5.8665976297	0
jogging	263	1.5003288655	female	22.285410024	-4.837634001	7.9824247516	1
jogging	264	2.8363010527	female	41.915183012	23.275449603	10.384697881	1
jogging	265	2.069974971	female	38.055121479	6.4858349343	7.0150733295	1
jogging	266	2.3542754916	female	32.408081777	15.592209528	10.699222717	1
jogging	267	2.9706483578	female	29.551180964	3.8517463166	9.7387294862	1
jogging	268	2.1245653096	female	28.607779325	13.302830502	3.142388437	0
jogging	269	1.8131768951	female	28.243399364	-0.746444962	4.2515732511	0
jogging	270	1.8698939134	female	31.832601463	4.5791915728	3.0219138064	0
jogging	271	2.1984025637	female	24.536489073	4.2109935737	3.3160618954	0
jogging	272	2.0525870721	female	30.152262029	2.7339221326	7.2175215585	1
jogging	273	0.668341632	female	25.684532542	-5.477191707	2.003402669	0
jogging	274	1.5571107348	female	27.325271382	-0.803155733	4.8123360899	0
jogging	275	1.9776534073	female	36.755574524	7.8482637563	5.7996612509	0
jogging	276	1.8094733134	female	35.111262394	2.6262475438	4.339397926	0
jogging	277	2.2838788392	female	25.092884022	-0.36038718	3.0218720323	0
jogging	278	2.2695510932	female	41.014565694	14.44806105	4.4540730137	0
jogging	279	1.5851222357	female	24.818715449	-4.377123097	4.78243685	0
jogging	280	1.617011197	female	23.354596409	-9.438920396	0.5226762892	0
jogging	281	2.3584868489	female	31.286508006	14.791388097	3.947603431	0
jogging	282	1.7169432473	female	26.714933721	-0.058835726	10.286011531	1
jogging	283	1.9793285742	female	34.547124105	8.29264475	8.3538554423	1
jogging	284	2.3693755204	female	33.745065197	7.9539293922	11.881331188	1
jogging	285	1.4675198543	female	24.53701531	0.2887699363	4.5828675699	0
jogging	286	2.218057886	female	25.065624015	4.6570626949	11.991669677	1
jogging	287	1.3996318984	female	23.294431437	-4.932004495	1.7977281726	0
jogging	288	2.2297767478	female	28.369223071	-3.591117595	7.0953529467	1
jogging	289	1.4933759193	female	33.566463271	5.1582783467	5.7554065404	0
jogging	290	1.4509014269	female	22.852233915	-9.813676167	2.9560581294	0
jogging	291	2.1270435093	female	33.415497188	7.3266269553	7.467715555	1
jogging	292	2.3935173199	female	30.1677127	14.398298353	6.6267629112	0
jogging	293	1.8466620963	female	26.529683819	0.6414239398	1.3091055199	0
jogging	294	2.6011024893	female	26.352537687	10.447652224	8.6693084022	1
jogging	295	1.6977612527	female	24.863267919	7.0042301573	-2.140182512	0
jogging	296	1.8228240613	female	27.451401185	10.213809373	4.3684648298	0
jogging	297	1.4648389982	female	40.404538516	3.5831520309	5.6531770036	0
jogging	298	1.8372774108	female	36.693925939	16.751916881	1.7059174055	0
jogging	299	1.6144551452	female	27.899004044	3.9108473042	6.305076309	0
jogging	300	2.1104180729	female	25.235568316	7.1306547771	4.0273133077	0
swimming	1	2.2807107368	male	33.47360468	31.904557551	5.507071187	0
swimming	2	1.4675036719	male	26.201716017	14.87570237	12.464593304	1
swimming	3	2.0364615166	male	29.759660853	27.568365616	6.4063665318	0
swimming	4	2.5586888633	male	39.828291498	42.052941201	8.5425141012	0
swimming	5	1.771688222	male	30.52445925	20.626815629	6.5312265627	0
swimming	6	1.7449498281	male	33.526573132	31.055843102	-2.718731531	0
swimming	7	3.1158767092	male	30.451582926	37.129691906	20.087375941	1
swimming	8	2.1387791169	male	37.7849071	39.144943446	-6.533315327	0
swimming	9	1.1403146084	male	32.733529637	14.997954221	10.553676697	0
swimming	10	1.7789716831	male	34.504546555	28.880261524	2.9859614808	0
swimming	11	2.5133798747	male	39.281978835	38.391943927	14.407906378	1
swimming	12	1.8246402354	male	32.775859206	20.255095721	5.5321460442	0
swimming	13	1.657993903	male	34.043543374	19.251826927	9.805137002	0
swimming	14	1.6988289582	male	25.456348436	23.155097791	13.859944877	1
swimming	15	2.4225192455	male	25.298279561	24.925845786	26.351113033	1
swimming	16	2.3017923242	male	27.492433363	19.87449036	2.0538061689	0
swimming	17	1.9737628176	male	29.309426368	17.900089184	0.0187090416	0
swimming	18	1.8176673771	male	30.541482647	17.677652164	7.8555302701	0
swimming	19	2.1694085498	male	27.489523289	22.41991761	9.5704917414	0
swimming	20	2.3805402375	male	33.687848307	26.661570855	8.9345847619	0
swimming	21	2.0441549487	male	29.333287422	25.387454594	10.645441711	0
swimming	22	2.4762724598	male	22.195460311	25.579431227	17.312787561	1
swimming	23	1.8902898498	male	26.834989309	16.127006341	11.733381898	1
swimming	24	2.4590050076	male	34.674425618	29.602083217	9.8818083799	0
swimming	25	2.042378182	male	29.077251354	19.06512394	4.7441156918	0
swimming	26	1.3025808017	male	29.728542043	19.907122522	6.4894877448	0
swimming	27	1.2892708776	male	25.66738261	12.67256169	16.454941526	1
swimming	28	2.1671777073	male	34.478481363	34.775254042	-1.13382606	0
swimming	29	2.6834531759	male	31.96754454	33.342068119	13.411345456	1
swimming	30	1.5983632723	male	16.637266739	12.611475252	14.464180008	1
swimming	31	1.9224117049	male	37.804897281	27.6027708	8.6033115052	0
swimming	32	1.9086249258	male	25.768640188	20.215671204	5.7168082374	0
swimming	33	1.5973428996	male	33.464198964	22.889801106	14.237847222	1
swimming	34	2.3947563354	male	25.278937578	22.36233727	18.102139778	1
swimming	35	2.4589364401	male	25.124065553	13.304111035	13.754449459	1
swimming	36	2.6364158735	male	21.171385259	13.793764615	12.970431089	1
swimming	37	1.5588041588	male	20.509527706	13.602772773	10.401537531	0
swimming	38	0.9870379579	male	26.657333045	15.440031022	-3.023806935	0
swimming	39	1.8476369467	male	33.737377282	23.300854085	12.257268087	1
swimming	40	2.3292044323	male	29.7709542	21.938411044	8.1754442423	0
swimming	41	2.1609329767	male	25.796193149	17.524412339	7.5703496553	0
swimming	42	2.0916474437	male	23.593504301	17.839079262	6.2706238406	0
swimming	43	2.0969366186	male	24.30144647	13.4723914	13.434885678	1
swimming	44	1.5941471131	male	28.08084536	16.024696029	6.0231096713	0
swimming	45	1.7847534479	male	26.087086434	15.640839599	4.6358545504	0
swimming	46	2.5099753917	male	32.955850142	30.645471366	21.674254317	1
swimming	47	1.2756159519	male	26.822920888	14.17379765	9.435172614	0
swimming	48	2.2113346618	male	33.682084523	31.418726104	5.2163835417	0
swimming	49	2.7493666817	male	20.106211489	15.774367774	17.580902987	1
swimming	50	1.1620226639	male	31.2194901	10.138912887	3.6637951804	0
swimming	51	1.4148584292	male	28.686745168	17.164195628	-0.155577164	0
swimming	52	1.5401729458	male	31.686999904	16.660869919	13.337009343	1
swimming	53	1.7645991237	male	30.826734229	22.340650925	2.7103926566	0
swimming	54	1.0010280728	male	34.251059707	13.412705092	-2.216553187	0
swimming	55	1.5042268415	male	30.325434526	13.521346675	1.1196908088	0
swimming	56	1.9496506786	male	24.92224591	15.919453629	-0.861811807	0
swimming	57	1.2405980303	male	28.030361099	13.380537977	-3.675490193	0
swimming	58	2.3341191573	male	29.740650301	28.962844428	-1.531588581	0
swimming	59	1.6787053434	male	41.884561843	34.700421565	6.0814949857	0
swimming	60	2.0042759375	male	23.200960955	19.132488337	7.2759983592	0
swimming	61	2.0345145808	male	27.725504273	20.804786562	15.273709192	1
swimming	62	1.6150534641	male	33.038400646	16.634028891	5.7842904106	0
swimming	63	1.614232514	male	30.68749455	23.235636	6.4458226562	0
swimming	64	2.2832493309	male	39.265533975	41.085192284	15.269350493	1
swimming	65	1.9774108166	male	23.488340905	13.765160674	13.266254509	1
swimming	66	2.0150037593	male	31.106687292	20.046479043	8.2022220649	0
swimming	67	1.3576643221	male	27.705180016	15.282194043	11.021512812	1
swimming	68	1.8711366541	male	26.660669167	17.908099973	10.107657247	0
swimming	69	1.2638678185	male	24.859347326	10.5263018	3.0510917411	0
swimming	70	4.0722181987	male	30.829156047	38.09216257	12.483219859	1
swimming	71	2.3540440881	male	27.082062974	21.543749808	21.711548844	1
swimming	72	2.0815843105	male	37.179717582	35.846288595	6.2134619963	0
swimming	73	2.2426244127	male	27.688139558	18.618062204	15.126198126	1
swimming	74	3.0283685402	male	29.902099542	27.634069874	21.110032729	1
swimming	75	1.7371955303	male	18.53790261	11.675151434	3.900729947	0
swimming	76	1.6053269462	male	20.07828236	5.1319083745	2.7198625706	0
swimming	77	1.6958191075	male	24.453292607	15.056997072	17.355697326	1
swimming	78	1.8543711446	male	29.436950005	18.118854386	17.580998861	1
swimming	79	1.6214477742	male	28.255361081	22.425977146	-0.050952017	0
swimming	80	1.8062566008	male	23.908219552	11.611028066	14.480324877	1
swimming	81	1.2480661737	male	27.274399058	14.340140468	22.838639634	1
swimming	82	2.2845540016	male	31.2499753	29.431274211	8.2447817731	0
swimming	83	2.1315621697	male	42.221963538	45.930371408	15.410239999	1
swimming	84	1.4934372093	male	29.221927748	14.952211803	7.1553798441	0
swimming	85	2.0402412683	male	21.492239524	16.359113752	13.715656094	1
swimming	86	2.1743496837	male	30.345220933	20.506726155	9.4604391787	0
swimming	87	2.2664675618	male	29.011291381	23.383026426	5.3738210096	0
swimming	88	2.0440552103	male	30.298012702	22.684168009	13.421976488	1
swimming	89	1.0472575281	male	28.517695725	11.206329876	-1.174715117	0
swimming	90	2.3778084224	male	22.886729934	16.129393193	15.2421646	1
swimming	91	1.5983432164	male	30.714737275	27.387500408	13.399652519	1
swimming	92	2.4975567656	male	31.337148172	31.02447209	11.678003427	1
swimming	93	0.887997584	male	33.092397755	11.329657654	5.8796628344	0
swimming	94	1.748292687	male	28.193646317	16.692033913	-5.866034331	0
swimming	95	2.0419519203	male	27.640581543	22.215670164	16.710634514	1
swimming	96	1.7675244651	male	32.574662893	21.170709815	16.827659446	1
swimming	97	2.300159709	male	23.724948756	20.242959046	12.641904947	1
swimming	98	2.6719872394	male	21.315556229	14.666751682	11.773722394	1
swimming	99	1.5408690882	male	26.82340361	11.385291495	17.310761629	1
swimming	100	2.1924300509	male	32.540508403	26.96965479	14.923024992	1
swimming	101	2.6228075839	male	34.515823994	41.149383874	15.863119368	1
swimming	102	1.9426640048	male	27.637413365	18.198661289	4.8785368228	0
swimming	103	2.0411245055	male	30.527574626	20.280096928	16.643985745	1
swimming	104	1.992727062	male	29.430558136	19.088538732	4.5679310007	0
swimming	105	1.8386346384	male	30.085153391	27.505928482	14.468653771	1
swimming	106	1.3094155619	male	37.948043832	16.799372076	4.9074271282	0
swimming	107	2.5030680812	male	33.806865489	36.027208196	18.231259364	1
swimming	108	2.8769109826	male	42.246291545	50.216289855	22.645853852	1
swimming	109	2.3535649168	male	15.163753904	3.3500444773	14.23626613	1
swimming	110	1.7613623745	male	30.582619472	23.709928464	13.322424358	1
swimming	111	2.0583643683	male	34.721632582	37.261149219	10.591869015	0
swimming	112	1.9902065014	male	32.824806172	31.571367051	13.760780178	1
swimming	113	2.1342872301	male	33.637159187	25.479681352	-1.751584877	0
swimming	114	1.6065864064	male	32.658107019	24.56762154	9.6897098148	0
swimming	115	2.1283973913	male	40.401440846	37.394212106	0.7063580658	0
swimming	116	0.9226187452	male	44.076040778	24.123826398	13.722739139	1
swimming	117	1.8100921326	male	30.232298589	18.521406507	14.275295047	1
swimming	118	2.6075287187	male	32.827794532	35.694040882	14.601763224	1
swimming	119	1.3585171081	male	29.911079564	13.67138281	4.6938531664	0
swimming	120	1.4149278365	male	30.067962072	18.00451462	2.950050608	0
swimming	121	2.2902512066	male	25.517903032	20.708886868	17.890928883	1
swimming	122	1.9862578891	male	27.942402008	18.134237856	11.88958551	1
swimming	123	3.0887603399	male	22.941631505	21.921862032	12.033341071	1
swimming	124	1.3779061044	male	41.146751171	30.030826824	5.7402324855	0
swimming	125	1.8942438089	male	27.520159023	21.239018318	13.738942393	1
swimming	126	2.3658004472	male	36.613035559	38.899036091	11.766383988	1
swimming	127	1.7012374858	male	29.501691792	16.04718692	-6.321890043	0
swimming	128	2.088084089	male	27.725837139	16.678337651	17.702437148	1
swimming	129	1.3793356738	male	32.238180118	17.713432409	3.2672188268	0
swimming	130	1.5609455362	male	35.293822037	23.33835954	-0.257585121	0
swimming	131	2.0852920491	male	24.941527529	20.50814653	9.1090588526	0
swimming	132	2.6274563443	male	30.79947193	34.674007433	11.43481281	1
swimming	133	1.6804973553	male	32.528366395	22.942521573	17.428846805	1
swimming	134	2.7940036461	male	30.212632102	27.295554575	10.467685374	0
swimming	135	2.3371623486	male	27.685963798	18.218475087	18.856670685	1
swimming	136	2.1824080197	male	28.978625739	24.326105655	8.3678730869	0
swimming	137	2.2173473955	male	36.724806913	37.476278508	7.1811976169	0
swimming	138	2.0780517969	male	30.523091189	29.203596902	0.9787221383	0
swimming	139	2.6148092453	male	23.895849312	19.711179218	15.960737809	1
swimming	140	2.3081630213	male	24.287014236	7.9649960422	7.7931746517	0
swimming	141	2.121895329	male	22.601701867	16.620140065	20.238998276	1
swimming	142	1.9939782918	male	22.458323201	20.816241362	11.322707518	1
swimming	143	1.9700042285	male	33.686798426	28.480012437	10.897308432	0
swimming	144	1.7124628441	male	29.941923761	23.070085811	2.3050984106	0
swimming	145	2.2483572811	male	32.807446552	34.030231544	2.5641027913	0
swimming	146	2.5631267664	male	34.820662147	33.548398791	14.010988803	1
swimming	147	2.1288248738	male	30.423686763	19.071068928	2.8888290967	0
swimming	148	1.2828294457	male	34.748355633	14.272704102	1.8725986078	0
swimming	149	1.7218523717	male	31.481232899	27.511873253	11.328584676	1
swimming	150	2.0577614692	male	28.809471501	28.121521564	12.240485343	1
swimming	151	1.928131085	female	29.119779424	25.848000408	1.2597484955	0
swimming	152	1.6527187467	female	21.845667339	15.211963411	20.131363334	1
swimming	153	3.6899980294	female	24.673897217	20.088894295	16.81779654	1
swimming	154	1.6739992342	female	31.411823072	30.257236834	13.573042226	1
swimming	155	1.8839268317	female	28.708772478	30.276620284	-4.430725173	0
swimming	156	2.5078608115	female	21.483373174	22.402664044	10.778164324	0
swimming	157	1.8205894317	female	28.272781208	20.820583339	-0.798711957	0
swimming	158	1.5635349529	female	41.765860072	35.12073768	2.6600373971	0
swimming	159	1.3752180629	female	31.019409893	31.606406638	13.13579406	1
swimming	160	2.3329413745	female	25.324438134	20.484215687	4.5396291282	0
swimming	161	2.2918860818	female	26.267259566	25.565392077	11.836507451	1
swimming	162	1.8003216127	female	36.311995754	34.173162125	5.5791547945	0
swimming	163	2.6601795261	female	32.651336481	35.987989865	18.892189158	1
swimming	164	1.5452258379	female	30.623148263	27.771886901	-5.294472199	0
swimming	165	2.5315279264	female	28.818690688	35.784575033	18.269613699	1
swimming	166	1.8347088467	female	24.853889091	24.452045514	19.579593624	1
swimming	167	2.0370355603	female	31.938924243	29.170363817	12.902786827	1
swimming	168	2.4864821977	female	21.410990358	15.705319369	18.385142978	1
swimming	169	2.5179389255	female	28.027756174	29.026274303	13.133582017	1
swimming	170	1.8718581064	female	33.15664498	34.322434586	7.5426119951	0
swimming	171	2.042050099	female	30.896721136	34.60024817	8.1944720793	0
swimming	172	1.5075160929	female	30.108015576	30.05895098	13.342463208	1
swimming	173	1.5681149557	female	18.147720053	13.911827046	2.5116968859	0
swimming	174	1.4150815017	female	35.655431382	31.139057629	9.5080322508	0
swimming	175	2.2921810001	female	27.943122943	23.134442843	9.07268839	0
swimming	176	1.7775735233	female	26.986459425	20.28100105	8.977342271	0
swimming	177	2.0851530137	female	36.588169382	34.760419746	5.9730240056	0
swimming	178	1.6876437796	female	27.244920808	28.470264788	5.7087693853	0
swimming	179	3.0639477211	female	26.288970174	30.008516993	8.5450762766	0
swimming	180	2.0121669061	female	30.518981379	25.794215969	10.923116264	0
swimming	181	2.0233770997	female	28.66521541	35.12439628	1.1152795823	0
swimming	182	1.7227430583	female	28.748153362	25.743982662	3.3918473987	0
swimming	183	1.1809350087	female	25.020335248	28.599544502	3.9243624533	0
swimming	184	2.5669089741	female	33.1334571	38.411056633	14.111040074	1
swimming	185	1.3415941472	female	25.945356314	20.809391974	-2.92561394	0
swimming	186	1.9145995721	female	33.11132224	36.220109636	8.4015663974	0
swimming	187	2.6834525354	female	31.495285009	38.547090762	7.7630645738	0
swimming	188	1.8344394024	female	26.588345353	24.440033941	-3.265470168	0
swimming	189	2.1071281436	female	37.232581281	42.900031532	4.3370605958	0
swimming	190	2.0208512074	female	27.866622017	19.503757668	5.6395691683	0
swimming	191	2.0127572421	female	26.278913083	21.515066039	8.7822794581	0
swimming	192	2.2633939584	female	18.501621599	17.521048369	16.063448603	1
swimming	193	2.4104003127	female	26.475740984	31.227424644	24.607590394	1
swimming	194	1.4851990597	female	32.74370888	33.530302361	2.03923648	0
swimming	195	2.0544699164	female	29.808525489	26.978618414	6.9031632793	0
swimming	196	1.7664648103	female	32.713534713	33.483313771	2.2172791103	0
swimming	197	2.0708977117	female	41.648101716	44.826093054	-0.58632809	0
swimming	198	2.3221495204	female	36.14914895	41.840302922	16.511502617	1
swimming	199	2.1660846677	female	25.79701895	25.688488462	4.4528409667	0
swimming	200	1.144735418	female	29.751781877	22.261901271	2.4811436674	0
swimming	201	2.2746502352	female	28.673787766	31.616867453	1.638858529	0
swimming	202	2.0218709103	female	23.213559364	20.004994614	13.332415762	1
swimming	203	1.9880790126	female	32.459226019	35.394384329	16.493200427	1
swimming	204	2.4580879931	female	27.54010191	31.52728498	14.592723143	1
swimming	205	1.9111700335	female	35.759432907	39.570212265	6.6933933644	0
swimming	206	2.8508202204	female	27.254834953	26.12521262	15.133150702	1
swimming	207	2.1147898362	female	29.935302874	29.55366447	12.424882365	1
swimming	208	1.7600880751	female	27.149605837	23.591045912	11.181749635	1
swimming	209	0.9231158458	female	33.102953298	22.485668531	11.398510307	1
swimming	210	1.6597965193	female	37.183315508	23.268295187	7.3156173012	0
swimming	211	2.500447873	female	37.65540691	48.983467303	11.882468066	1
swimming	212	1.5392904941	female	30.449447336	35.782604713	3.174984068	0
swimming	213	2.1509211948	female	22.575241432	18.358114777	7.5262202882	0
swimming	214	1.4425264339	female	26.886842396	29.446599027	5.0878448123	0
swimming	215	2.3657562121	female	32.906588767	36.165562695	13.172106101	1
swimming	216	2.0989827021	female	32.556884099	33.406638284	10.254502369	0
swimming	217	2.2336824016	female	27.909781303	35.99983718	15.366779226	1
swimming	218	2.1953782316	female	20.885011283	15.985120717	7.0551032934	0
swimming	219	0.743567735	female	33.749804982	17.686413742	3.1325563693	0
swimming	220	2.0470626325	female	21.307828752	17.79175555	11.367050443	1
swimming	221	1.3476115576	female	32.815528349	30.01610985	11.786959191	1
swimming	222	2.2316497454	female	23.51035606	24.613264558	9.483339621	0
swimming	223	2.0962331936	female	30.512791716	27.60935272	6.6921670878	0
swimming	224	2.5038476129	female	35.863488936	43.578670928	13.550341102	1
swimming	225	2.1309190665	female	37.791991139	39.922941515	16.7301763	1
swimming	226	2.1971487876	female	31.228328171	36.611844196	15.269889571	1
swimming	227	2.4923716507	female	28.458848522	34.564258038	5.5106514253	0
swimming	228	2.281359872	female	25.938815541	30.497463738	8.63343226	0
swimming	229	2.1149973566	female	24.54979798	27.020823809	11.883388706	1
swimming	230	1.3046019909	female	30.553137645	29.984854918	9.0261336016	0
swimming	231	2.1261400503	female	37.820102244	40.33876074	9.0425348101	0
swimming	232	2.3602788192	female	15.23393954	18.272050788	11.418542667	1
swimming	233	2.0617860252	female	27.39480918	26.16519901	17.41131668	1
swimming	234	1.5431024397	female	35.796250141	29.711598573	9.593760859	0
swimming	235	1.854208469	female	28.118738836	27.560271688	7.4224177139	0
swimming	236	2.5460244317	female	40.934649844	54.150459505	13.882430903	1
swimming	237	1.8678338363	female	30.921873805	29.287501969	9.4183209176	0
swimming	238	2.6353467191	female	26.085568165	30.139546065	20.049320809	1
swimming	239	2.2682582937	female	37.087962262	40.056652948	14.227669169	1
swimming	240	2.1946683164	female	30.955804288	31.439129138	2.8202698293	0
swimming	241	2.4550166612	female	28.20505066	27.363363511	14.523567277	1
swimming	242	1.7978341057	female	33.589293937	35.481600239	1.7706957805	0
swimming	243	2.4953858424	female	33.989484049	35.180347679	10.059724177	0
swimming	244	1.5689671175	female	25.264715247	26.327295347	13.52790886	1
swimming	245	2.4747275844	female	33.19533322	40.200397841	9.8500721127	0
swimming	246	1.3444058463	female	35.922337479	33.893781241	6.129366376	0
swimming	247	1.1908444024	female	22.344935179	18.346376808	8.8024959746	0
swimming	248	1.0469252653	female	24.839954484	23.482110031	-1.496028035	0
swimming	249	1.3422300029	female	30.618497123	29.585969939	3.4318322412	0
swimming	250	2.0042287648	female	22.718214393	12.183659286	16.723649068	1
swimming	251	2.0449208409	female	33.694897137	40.951538887	11.03665647	1
swimming	252	2.2695483866	female	19.659113337	16.719353952	15.312354763	1
swimming	253	1.8025463896	female	30.316293332	26.798203208	15.196779807	1
swimming	254	2.4903939311	female	26.765817282	24.686348423	7.030445657	0
swimming	255	0.6496472271	female	32.914684983	13.728555084	-9.474489654	0
swimming	256	1.3076031079	female	35.30143554	23.283551269	9.4880708405	0
swimming	257	1.5551374772	female	28.838068296	25.570315344	19.350095765	1
swimming	258	1.3300983143	female	30.032803152	27.415849806	2.704388174	0
swimming	259	1.7800357354	female	23.43206478	19.785083658	12.30360228	1
swimming	260	2.3961349485	female	28.125716508	26.706969384	16.257681406	1
swimming	261	2.250594356	female	17.780707163	11.44565406	31.878841649	1
swimming	262	2.0076595838	female	32.345786467	31.663245256	15.868312456	1
swimming	263	2.2776186892	female	31.232348144	27.08571037	16.412045441	1
swimming	264	2.3383927837	female	24.620985538	21.674582478	21.287738364	1
swimming	265	1.973760276	female	29.447131564	36.688180957	13.854567577	1
swimming	266	1.8697175703	female	25.150823112	22.643527098	11.993670947	1
swimming	267	1.9407967885	female	29.92033983	29.122920788	12.342432689	1
swimming	268	2.0158025563	female	24.480917395	23.618946524	-2.32230577	0
swimming	269	3.0382354729	female	33.923831269	35.697083216	12.038935482	1
swimming	270	2.4259018076	female	23.194556454	18.980441246	28.496174527	1
swimming	271	2.0323326986	female	28.116900014	27.636755809	4.7389702796	0
swimming	272	1.3889243482	female	24.464691443	26.205892806	14.174247244	1
swimming	273	1.8646632258	female	36.00449118	29.998568639	2.3175620324	0
swimming	274	3.1974077754	female	26.334052187	33.329817493	28.154829333	1
swimming	275	2.5916609354	female	34.959914774	44.359669687	18.088556639	1
swimming	276	1.5919777546	female	28.371704019	23.56183537	5.5789438913	0
swimming	277	2.4001191045	female	34.874424728	36.690299584	21.830214426	1
swimming	278	1.3900290644	female	21.023354968	19.08060871	8.7280999409	0
swimming	279	2.5540387308	female	32.368875474	30.712435021	13.983215628	1
swimming	280	1.7473507086	female	24.305989423	22.911072093	21.288066484	1
swimming	281	3.0881701504	female	34.86843913	40.957454146	22.295910505	1
swimming	282	2.2126870392	female	24.422460764	25.27845544	15.191246411	1
swimming	283	2.1769596006	female	29.525624555	36.68035466	8.3912270357	0
swimming	284	1.8893158096	female	38.638560498	50.202774623	14.462209994	1
swimming	285	1.9327363447	female	24.69877183	28.229222106	16.609120755	1
swimming	286	1.3095368857	female	34.386630665	34.71352102	11.022722232	1
swimming	287	2.5566938163	female	35.96156978	43.220657037	7.8877710279	0
swimming	288	1.7451140153	female	24.379866815	30.684797045	10.46414483	0
swimming	289	1.8114402273	female	36.995343031	31.680139162	6.4166564629	0
swimming	290	1.8689675753	female	32.404473307	34.026871388	14.510591104	1
swimming	291	2.238611409	female	34.533447723	35.086934342	7.0905089069	0
swimming	292	1.9153049891	female	29.970394527	27.339618668	15.368771549	1
swimming	293	1.5040845695	female	31.476015388	31.150885373	16.426784756	1
swimming	294	1.3100605844	female	30.125539086	27.749578052	-2.35164181	0
swimming	295	1.9246009432	female	23.629132687	16.839912204	3.9947402444	0
swimming	296	1.9767619443	female	26.180753532	21.701973781	12.254612513	1
swimming	297	1.630171676	female	23.85364585	18.425746615	9.4701861576	0
swimming	298	1.617238089	female	38.79313859	37.225474328	4.1683935441	0
swimming	299	2.8778393435	female	26.649787995	27.303294386	15.798541975	1
swimming	300	2.1419978821	female	38.816966923	38.665904923	16.565158805	1
reading	1	2.3485804869	male	25.738471701	-0.906307575	-3.927806933	0
reading	2	1.9098825594	male	30.433341159	0.3391975653	-3.794561489	0
reading	3	2.2822411108	male	29.335048433	-0.604529012	1.5038156953	1
reading	4	2.1150966631	male	33.490946524	-0.909746717	-5.893390874	0
reading	5	2.2188857997	male	33.129809506	-1.697528879	0.9414147713	1
reading	6	2.1800203817	male	15.998552047	-4.10602848	-0.272655112	0
reading	7	1.0394493199	male	30.750528491	-1.027258735	-4.361780413	0
reading	8	2.4812727943	male	32.013704901	-10.04734016	-7.019140853	0
reading	9	1.9178052199	male	30.815281175	-6.553905529	3.8636264061	1
reading	10	3.1779118134	male	31.33497705	-12.52011221	-8.955515166	0
reading	11	2.6956107837	male	28.302573964	-4.238788772	0.0308291429	1
reading	12	2.3948834316	male	29.58385187	0.0012791433	-5.285022985	0
reading	13	2.4699782856	male	26.289625646	-7.756399154	1.8696734278	1
reading	14	1.4722958403	male	17.572022994	-1.890469051	0.7552068115	1
reading	15	2.3530968801	male	31.067347222	-7.823982786	-4.030700652	0
reading	16	1.6878703508	male	34.1500884	-5.230564853	-6.752641103	0
reading	17	1.9529462761	male	36.006665935	-2.19670526	4.2764136741	1
reading	18	2.0018660343	male	30.004236091	-7.008538336	-3.262750339	0
reading	19	2.16046839	male	27.116674585	-7.771700587	-4.620572406	0
reading	20	1.1184936997	male	26.751654664	4.2738395647	0.063853366	1
reading	21	2.3196272374	male	24.035598708	-7.065053688	3.4618132824	1
reading	22	2.2746947898	male	28.236412367	-2.081277014	-5.664568896	0
reading	23	1.7082153192	male	18.54283758	-0.242350967	2.6984713081	1
reading	24	1.6705344933	male	28.293334401	-3.761451385	-3.614337278	0
reading	25	1.9192333047	male	29.154122471	2.4822405746	-0.46108708	0
reading	26	2.4774622904	male	32.365725652	-5.129984424	-7.992356403	0
reading	27	2.7818644898	male	33.972034877	-7.991696346	6.0602059155	1
reading	28	3.0531897498	male	23.425553226	-4.645074293	-0.157946849	0
reading	29	2.639485964	male	32.261293562	-9.511893061	-0.99872811	0
reading	30	2.2578869341	male	23.092356031	-3.090760525	-3.134214758	0
reading	31	1.801525184	male	32.949757175	5.7199711676	3.3465044734	1
reading	32	1.7533571396	male	21.970164188	-9.096559349	-6.722092165	0
reading	33	1.5025122862	male	38.098928654	-2.528890292	-0.520171554	0
reading	34	2.3216596907	male	35.987370391	-3.449464013	8.3165160775	1
reading	35	1.180074629	male	31.421528527	-0.127139925	-0.052254801	0
reading	36	1.5569590247	male	39.908732207	-1.385646123	1.3564843735	1
reading	37	1.4918755495	male	29.984191886	-6.294695106	4.2757286082	1
reading	38	1.4208622404	male	26.135349836	-1.486159654	7.4747244058	1
reading	39	1.8043081688	male	35.851756234	-6.223291449	3.7725681261	1
reading	40	2.879580104	male	25.213301899	-10.1099295	5.4950034959	1
reading	41	1.8090470617	male	28.593508351	-8.714331449	3.7560572684	1
reading	42	1.5299906109	male	36.389293097	-0.631100743	-3.487538502	0
reading	43	2.2441627354	male	28.945980471	-8.16752401	-2.66865428	0
reading	44	3.0941002629	male	23.718240256	-10.07638194	-2.000347051	0
reading	45	1.7065509716	male	23.17105789	-5.251699908	5.136102824	1
reading	46	2.0545656225	male	30.256901217	-2.572856612	3.1749778063	1
reading	47	2.3413341778	male	30.009016363	-9.345355875	2.2859163857	1
reading	48	2.4209507072	male	37.899775989	-6.851943024	9.3976090355	1
reading	49	1.4812318702	male	27.355148855	6.5058654723	0.8187171119	1
reading	50	1.7576906274	male	32.725074609	-2.68405281	1.8327050193	1
reading	51	1.3577746067	male	29.678474584	1.4556998953	-1.735724327	0
reading	52	2.4496748122	male	40.819486224	-1.7911963	-6.082200881	0
reading	53	1.7557875175	male	24.958976874	0.0580678713	-0.272948788	0
reading	54	2.0929364047	male	28.996000652	-6.377654524	-4.459976816	0
reading	55	1.5775798564	male	30.986347758	-4.197730154	7.8563164764	1
reading	56	1.9389585445	male	30.238550066	-5.624189224	-2.435202814	0
reading	57	2.4106764198	male	25.697079461	-4.473627524	2.4275867133	1
reading	58	2.0948117148	male	36.947757991	-9.65615998	-5.759500877	0
reading	59	0.5905290413	male	31.737916615	-1.461044038	2.4541981896	1
reading	60	0.926837909	male	31.035949137	-0.951814966	-5.845931301	0
reading	61	2.1097310736	male	33.269263034	-5.673433154	-5.899864239	0
reading	62	1.7619895539	male	23.644977922	-9.720744735	1.9603997621	1
reading	63	2.5889046684	male	32.399387287	-7.628575558	-1.684028112	0
reading	64	2.2884750902	male	26.087329952	-0.97108884	-2.663295405	0
reading	65	2.2176330876	male	26.018514045	-9.732437147	3.3137039945	1
reading	66	2.7952177847	male	29.451653374	-9.64964815	5.3439839196	1
reading	67	1.1601979249	male	29.301391355	3.3424544607	0.3598960764	1
reading	68	1.7651639699	male	18.603733412	-1.597577769	6.1171889931	1
reading	69	1.5696523179	male	21.87930415	0.5412628166	0.8685244152	1
reading	70	1.8418919742	male	27.235921454	-5.984424564	4.7148965862	1
reading	71	1.8871813032	male	28.510332637	-6.963694613	5.0666383731	1
reading	72	3.279521269	male	27.765399216	-5.080193688	-4.915714635	0
reading	73	1.8408937346	male	30.841574063	3.9710176917	-3.785312486	0
reading	74	2.3380496726	male	29.092328111	0.4921378421	-1.732270734	0
reading	75	2.5951960526	male	24.403043536	-7.793668908	-7.035645892	0
reading	76	3.2731797038	male	35.527277287	-6.685690064	-4.187314209	0
reading	77	1.9839314866	male	41.070286537	-1.401660698	5.8439863982	1
reading	78	2.2322471646	male	32.187741066	-1.037460765	1.0661067555	1
reading	79	1.6978862681	male	21.268536899	-5.779561741	3.96763804	1
reading	80	1.2761359911	male	20.408252698	-1.389572851	5.0910767993	1
reading	81	2.1461245373	male	37.078219605	0.2458190545	-7.02171365	0
reading	82	1.7065756893	male	33.173160648	-1.729157384	-1.439578656	0
reading	83	2.55091708	male	30.899030547	0.1355682406	-3.830591466	0
reading	84	2.255062531	male	31.564966286	-4.965439108	-4.64286992	0
reading	85	2.0835569684	male	22.48743896	-8.156792636	-1.109638811	0
reading	86	2.0786333499	male	30.016934399	-0.99576138	-3.349152932	0
reading	87	2.6849129597	male	29.625263993	-7.276312767	1.2950213163	1
reading	88	2.47291243	male	31.193053205	-1.378707894	5.1423939116	1
reading	89	1.6893078507	male	28.532831071	0.5150083758	3.6737821802	1
reading	90	2.3865010324	male	35.007260709	-2.447635989	3.8977470357	1
reading	91	1.8832307179	male	23.189548785	-2.251965781	-0.132262126	0
reading	92	2.9685290383	male	29.59371179	-3.744533991	0.9136594548	1
reading	93	1.1468268375	male	19.02757777	-1.529615358	5.6784772074	1
reading	94	1.9852138814	male	26.594377362	-1.60125286	-0.747095465	0
reading	95	2.2484752534	male	21.589432585	-7.379213193	-1.620490033	0
reading	96	2.4625525287	male	23.458409131	-2.342871274	-2.645731909	0
reading	97	2.0302266776	male	24.156948498	-9.950435522	-1.727866226	0
reading	98	2.0689222162	male	30.275574525	2.9618234943	8.3622284913	1
reading	99	2.097209035	male	31.09927973	-6.442069486	0.5219118672	1
reading	100	2.445261377	male	37.024485763	2.6927323814	-12.39024628	0
reading	101	2.6573307802	male	28.40521409	-10.82715198	1.4473760872	1
reading	102	1.9195043838	male	36.823356662	2.3864899668	0.5614935728	1
reading	103	1.632590359	male	26.426790516	1.6784614334	4.2846335553	1
reading	104	2.4826721269	male	28.788940385	-5.121288776	2.1349104524	1
reading	105	1.3962497738	male	29.130722259	-1.716197726	-0.316132317	0
reading	106	1.6423838765	male	22.044100748	-4.367624671	-1.101106479	0
reading	107	2.3165577919	male	34.261850727	-8.775116484	-3.329068068	0
reading	108	1.8356516529	male	27.365124404	-5.395007145	2.6918639622	1
reading	109	1.9570092898	male	33.918850093	-10.20484178	2.0915675289	1
reading	110	2.7510632673	male	24.068157153	-9.814887321	-2.731586275	0
reading	111	1.5995337571	male	25.43848597	-0.109905246	-4.02146524	0
reading	112	1.8001142981	male	34.310731569	0.8763913189	-5.906333837	0
reading	113	2.2057480388	male	39.128815694	-7.654894484	-5.658852311	0
reading	114	2.1662525136	male	25.566367382	-3.407904679	3.7697863971	1
reading	115	2.3937990833	male	40.402856134	-2.920444589	-0.993197767	0
reading	116	2.5829881941	male	26.701404212	-11.65470202	-3.162040829	0
reading	117	1.9005902611	male	22.206065489	-9.641093573	-2.612715997	0
reading	118	1.4000213218	male	29.788003616	-1.699508247	-0.723605274	0
reading	119	2.3675232634	male	37.14500528	-7.517040424	-1.580682624	0
reading	120	2.5920590745	male	33.699548576	-4.938184375	-6.245350562	0
reading	121	1.2787437446	male	31.293983226	0.3248541244	1.8181144007	1
reading	122	2.06745997	male	28.713822671	5.4353302322	4.7085337207	1
reading	123	2.8617726892	male	25.846659114	-9.315924147	-0.268350614	0
reading	124	1.9828194461	male	24.814135544	1.4610470023	-0.556535134	0
reading	125	2.3984479213	male	29.520590868	-6.541708695	1.8721881251	1
reading	126	2.1733356865	male	25.110735331	-8.09329843	-7.089735024	0
reading	127	2.790758856	male	25.599511203	-4.746107771	0.864536138	1
reading	128	2.1578508017	male	33.910105652	-0.882878245	11.765234234	1
reading	129	2.245473753	male	22.611226427	-9.30724417	-2.204336435	0
reading	130	1.3419805195	male	20.218660515	-0.255612702	7.1011975564	1
reading	131	1.9186915792	male	40.207511686	-2.948409308	4.8236304403	1
reading	132	1.6771511466	male	25.41179942	-6.068613682	-3.572684892	0
reading	133	1.6679330346	male	31.337788882	1.6618448665	-3.309845653	0
reading	134	2.5959074594	male	26.111931884	-5.113418585	-6.149804728	0
reading	135	2.0886907912	male	26.48597443	-7.194164799	-2.713851038	0
reading	136	1.8643550007	male	32.497312005	-5.65325108	0.1828004706	1
reading	137	1.9161953544	male	26.169730304	-7.910385432	-2.935732865	0
reading	138	3.1863965089	male	23.287404783	-8.814620506	-5.797459097	0
reading	139	1.5543499322	male	27.612778897	2.3927527314	-2.246287904	0
reading	140	0.7127127202	male	34.532633178	-2.681615469	3.6796509406	1
reading	141	2.0314161615	male	21.708275449	-5.087228721	-2.877338031	0
reading	142	1.7576415642	male	26.131780184	3.2445330416	-4.669939244	0
reading	143	1.6618912409	male	32.396115315	-7.049739918	-4.800660694	0
reading	144	1.5162755337	male	29.547230008	-1.29589832	-5.705490774	0
reading	145	2.7817368299	male	36.500008277	-6.727135406	4.3266678832	1
reading	146	2.4739900997	male	29.085409664	-2.442135951	7.8014237128	1
reading	147	2.1163251639	male	28.330104473	-13.21819316	-1.56178765	0
reading	148	1.2822000941	male	35.018887458	-5.075015368	1.9936915164	1
reading	149	2.191040962	male	27.164821672	-8.321042133	-3.379570549	0
reading	150	1.6546576578	male	36.307895173	-3.406134184	1.440255145	1
reading	151	1.5045070201	female	24.931116067	-6.093350717	-4.090341047	0
reading	152	2.6182637162	female	29.923058173	-4.410932977	-7.239865113	0
reading	153	2.1152356254	female	40.98532908	-6.867005032	-6.271305523	0
reading	154	2.6146147069	female	22.087124721	-12.04015808	-4.032671324	0
reading	155	1.7847586297	female	30.931225722	-6.428168579	-2.471091763	0
reading	156	1.6895467785	female	31.234401131	-6.644689283	-3.489477014	0
reading	157	1.8023200998	female	26.087178348	-2.999005451	0.7057668804	1
reading	158	2.796794954	female	36.943417178	-7.238760746	7.5786060254	1
reading	159	2.9916795665	female	24.480150593	-5.715562046	7.2503473413	1
reading	160	1.6262895762	female	43.498221699	-7.38675468	0.6639490117	1
reading	161	2.2262877284	female	34.868227875	-0.717068014	-4.634534264	0
reading	162	2.2827572153	female	26.781121072	-6.239632655	-2.068894109	0
reading	163	2.3681275173	female	35.313615377	-5.907087679	0.8854754152	1
reading	164	1.3628252964	female	31.781329106	1.3266116737	-2.33320481	0
reading	165	2.3671157602	female	28.196523224	-0.371782083	-3.857294372	0
reading	166	3.5279637283	female	30.594829249	-2.836819394	6.51648967	1
reading	167	2.7637514042	female	24.036572824	-1.040995248	-3.347488062	0
reading	168	1.7858032258	female	30.863971698	-4.881504692	5.9953489484	1
reading	169	1.9944663893	female	32.157015123	0.9308357348	-0.027395492	0
reading	170	0.7904018444	female	22.591698239	-3.492741164	2.7900266229	1
reading	171	1.6723995958	female	35.561672932	-4.124550776	0.4363714056	1
reading	172	1.4105539438	female	29.405019848	-1.935769058	-4.659198535	0
reading	173	2.1776488002	female	12.948999487	-7.951270488	2.6724811681	1
reading	174	1.3231401536	female	21.670206119	4.593389323	-4.241660249	0
reading	175	2.4695753025	female	35.646710215	-9.488060742	-6.191720502	0
reading	176	1.8172703861	female	35.536021069	-2.537579641	1.7900130318	1
reading	177	2.1783312531	female	26.655633922	-7.981870261	-1.52809273	0
reading	178	2.3472727278	female	29.236705732	-1.784922803	1.026284833	1
reading	179	3.004084004	female	28.825698537	-8.860861166	1.1189487567	1
reading	180	2.0290833719	female	26.93366334	-5.699962691	4.1828446854	1
reading	181	1.5197929008	female	23.806035019	-3.412543222	-5.614142198	0
reading	182	1.7597864706	female	38.592509886	-1.438551377	5.071499153	1
reading	183	2.5133276761	female	23.892042689	-6.354554676	-2.836808942	0
reading	184	2.3899984806	female	32.181091845	-2.794565191	-6.175308033	0
reading	185	2.078485976	female	23.330561081	-5.666496566	4.2563496104	1
reading	186	2.5969836896	female	32.217957239	-6.580212456	-1.511089298	0
reading	187	2.7851634297	female	27.595172635	-6.938595931	-6.578944974	0
reading	188	0.7459273643	female	26.637771365	-4.19952949	1.5424986197	1
reading	189	1.6827024887	female	17.303721994	-4.68569449	-6.327785994	0
reading	190	2.5523150588	female	27.137773895	-8.981669954	-5.338565272	0
reading	191	2.4809654003	female	27.101902777	-10.52058235	1.6325270429	1
reading	192	2.2130478267	female	26.408016039	-5.234803601	-5.168491928	0
reading	193	1.724371638	female	28.49321136	-0.172356265	0.6730850828	1
reading	194	1.6217471047	female	27.434581756	-9.250049218	-2.118355506	0
reading	195	1.7954950565	female	26.847569228	0.7514910967	-2.247399961	0
reading	196	1.9748317414	female	37.921878032	4.2246479182	6.1152372087	1
reading	197	1.6536848576	female	30.052797871	-0.50028508	1.2141309114	1
reading	198	2.6224507447	female	24.191182687	-9.125625506	1.5393275223	1
reading	199	1.7174204188	female	27.748345979	-3.69574164	4.0100274255	1
reading	200	1.5102835513	female	32.950408195	-1.626913099	-2.992909309	0
reading	201	2.0520516087	female	29.019074146	-5.238561486	0.3761363947	1
reading	202	2.416849021	female	33.821020874	-8.326285906	3.8457557423	1
reading	203	1.9504798283	female	37.875201178	1.75032988	0.5050246121	1
reading	204	1.8875045393	female	27.507126554	-3.902935078	-1.362371832	0
reading	205	1.8280234326	female	34.166159982	-5.746146675	1.4080549924	1
reading	206	1.8118123892	female	25.871738437	1.8427249465	-9.471470675	0
reading	207	2.4668235939	female	34.970061097	-4.491003241	2.8370710327	1
reading	208	2.1151946117	female	38.82301588	-3.455820342	-4.12108273	0
reading	209	2.0368879376	female	40.369042775	-4.085750925	9.3858351072	1
reading	210	2.1275134242	female	28.249233755	-5.475876049	1.353382613	1
reading	211	1.6266647091	female	35.045421796	-2.492719305	-6.461227239	0
reading	212	1.2413557034	female	23.239806778	-7.976544959	-4.598577309	0
reading	213	1.7466010855	female	35.174949787	0.1290091027	0.6024393986	1
reading	214	2.0746149574	female	21.82802215	-1.689433703	-1.74971187	0
reading	215	1.3362938682	female	24.312038641	-2.845429883	9.6674296859	1
reading	216	3.1962743069	female	25.505409823	-8.192091699	2.7775780674	1
reading	217	1.6121904118	female	28.59536569	-7.557480672	0.2145332041	1
reading	218	2.6786470745	female	35.656116593	-10.33424473	3.6972379035	1
reading	219	1.9725517375	female	30.430822662	-8.89390476	-5.330253633	0
reading	220	1.8581610907	female	29.411448019	-5.121669535	-0.359546455	0
reading	221	2.4874087457	female	36.055818296	-0.310234691	-6.817158453	0
reading	222	2.6800492397	female	36.482426205	-5.670458103	-0.973590807	0
reading	223	2.0045218222	female	33.001619545	-17.13802723	-0.290020009	0
reading	224	2.3614824957	female	26.825304626	-6.681346661	0.61895961	1
reading	225	1.5935505864	female	33.899550591	4.1289379374	-0.207511246	0
reading	226	1.9307074078	female	27.118654312	-7.654033775	-2.197805574	0
reading	227	2.4531578597	female	24.928065634	-2.912566827	4.5017221991	1
reading	228	1.8106943003	female	29.611409971	1.3119905772	-5.739249661	0
reading	229	2.2084877824	female	25.51806736	-1.906793376	4.4496463467	1
reading	230	1.8748870764	female	31.645441906	-7.458791074	-2.384526517	0
reading	231	1.5371773702	female	39.788182895	-6.42200138	-4.585064198	0
reading	232	1.037259818	female	23.276026704	-0.5568285	-1.532773199	0
reading	233	1.7703398026	female	24.948851324	-2.271157432	3.3014718217	1
reading	234	1.5237168599	female	28.867476574	-0.790755633	1.7203340652	1
reading	235	2.36275363	female	24.487080294	-8.666867972	-0.930499722	0
reading	236	2.7830319931	female	31.413987665	-4.504618583	-0.749935635	0
reading	237	2.6843257031	female	28.880081484	-2.348057412	-3.153337706	0
reading	238	2.5589491426	female	28.145572622	-2.868210556	-3.849781088	0
reading	239	2.6447566752	female	30.112135434	1.8852371469	2.216664947	1
reading	240	2.2010721593	female	30.658375429	-2.573267158	7.0144258536	1
reading	241	1.3728207541	female	27.342230811	5.9288906096	-6.595902228	0
reading	242	1.6454237333	female	30.834668809	-2.454857745	5.14779898	1
reading	243	2.9784407112	female	30.298841456	-6.945145033	-4.603677816	0
reading	244	2.2205200232	female	29.730730148	-0.710747273	-7.348810069	0
reading	245	2.078306927	female	26.087811651	-2.105109405	0.2357480805	1
reading	246	1.3123886597	female	29.017815537	3.035435425	0.8269473584	1
reading	247	2.5495847221	female	36.575874177	3.108309543	-4.006017546	0
reading	248	1.2841300435	female	18.762904893	-1.936153269	0.2160770995	1
reading	249	2.7015935803	female	29.503361329	-0.722880267	-2.173126265	0
reading	250	2.1718480545	female	29.638762107	0.3654574008	-5.674078613	0
reading	251	2.4130411533	female	27.649194214	-13.50038508	0.7339821305	1
reading	252	2.1254296939	female	29.661403198	-9.583974414	3.4371235457	1
reading	253	2.4504682787	female	34.317585543	-7.719199357	3.8089357077	1
reading	254	1.685848808	female	34.025227572	3.7808267099	2.584836748	1
reading	255	2.0779408099	female	22.887852389	-6.399372365	7.6647524469	1
reading	256	0.1750759088	female	29.032706029	-5.087694669	-1.327001235	0
reading	257	2.1016643321	female	33.973542717	-9.36539124	-2.239175837	0
reading	258	2.6021594231	female	31.434327798	-1.398119446	-5.137845126	0
reading	259	2.3862565554	female	32.295144793	-6.334067586	0.1487232466	1
reading	260	1.3843792532	female	34.241146944	-2.499211076	2.9743356256	1
reading	261	1.6444910202	female	22.985164243	-1.207556718	3.5976695965	1
reading	262	1.7841276948	female	31.908974246	0.7920602995	1.6569792577	1
reading	263	2.1002735595	female	28.075639905	-1.855870484	1.9789557873	1
reading	264	0.6702851104	female	29.562543683	-8.029670622	-7.785357103	0
reading	265	2.1180861991	female	24.918904486	-0.691277458	-3.912179784	0
reading	266	1.5815086506	female	21.737035324	2.5160831001	6.3313850515	1
reading	267	1.9165309436	female	34.629315598	-1.839466779	0.3027917745	1
reading	268	1.8276029192	female	31.877058164	-0.516719007	-5.284188618	0
reading	269	2.4612557545	female	24.788885941	-0.770082969	4.6118856278	1
reading	270	0.7217237344	female	29.333056102	4.2109467764	1.1124950244	1
reading	271	2.2010285811	female	26.298176049	-7.986700847	-1.446696541	0
reading	272	2.9622791935	female	30.804658649	-7.805577097	7.1776487477	1
reading	273	1.7034507473	female	32.401391395	-5.700818223	-0.740383388	0
reading	274	1.7053510805	female	32.472229407	3.1703538827	0.6932520064	1
reading	275	1.4349087939	female	32.561428675	-0.480100715	-4.444883821	0
reading	276	1.9621178058	female	25.637463734	-0.730972165	3.5091610604	1
reading	277	2.5853332953	female	13.632962652	-0.678890351	5.912078616	1
reading	278	3.6461004078	female	31.889062133	-8.675175685	-2.136625591	0
reading	279	2.0692637024	female	36.784775707	3.9080038876	-1.029860492	0
reading	280	1.9470491232	female	27.850543235	1.6199569769	2.4429261449	1
reading	281	1.7603315021	female	22.568827187	-4.034349656	-0.853912264	0
reading	282	1.9801108618	female	26.900827086	-1.352902944	4.9935021482	1
reading	283	1.5020644872	female	17.744060705	-7.477804737	1.4873102718	1
reading	284	1.3345983469	female	27.120765435	-4.624109237	-4.024783792	0
reading	285	1.7713267361	female	23.953777389	-0.82461873	2.2076566284	1
reading	286	1.9045697745	female	33.906115892	2.1302618159	3.4631598372	1
reading	287	2.0261607253	female	23.117493195	-3.466760375	4.492979728	1
reading	288	2.0922754269	female	26.788087671	-0.600862552	-0.561291677	0
reading	289	1.4882645069	female	38.22825781	-2.556869108	-2.1027552	0
reading	290	1.8903470263	female	28.948642298	3.4908328461	0.0717410858	1
reading	291	2.4920616508	female	29.398064084	-5.419889222	-2.402216809	0
reading	292	1.4940355657	female	34.467894143	-2.797051711	5.0794010819	1
reading	293	1.7489537029	female	31.803506758	-2.167520261	10.524769319	1
reading	294	2.3335118601	female	27.81651196	-8.509472129	1.7181339632	1
reading	295	1.7553133798	female	25.543501747	-2.197235351	-0.397888307	0
reading	296	1.4461030669	female	18.744744066	-0.775082846	3.9922650653	1
reading	297	2.604619458	female	28.106257128	-2.254144514	0.4537917151	1
reading	298	2.841171277	female	27.910815231	-13.37007001	-4.698315226	0
reading	299	1.4439480226	female	29.753697597	-2.779765229	1.6002168244	1
reading	300	0.8620335478	female	39.997353144	-5.599800826	-3.540587782	0
